"Wells drilled, completed, and drilled but uncompleted (DUC) inventory ",,,,,,,,,,,,,,,,,,,,,,,,,,,,,,,
,,,,,,,,,,,,,,,,,,,,,,,,,,,,,,,
 ,Anadarko,,,,Appalachia,,,, Bakken,,,,  Eagle Ford,,,,Haynesville,,,,Niobrara,,,,Permian,,,,DPR Regions,,
 ,Drilled,Completed,DUC,,Drilled,Completed,DUC,,Drilled,Completed,DUC,,Drilled,Completed,DUC,,Drilled,Completed,DUC,,Drilled,Completed,DUC,,Drilled,Completed,DUC,,Drilled,Completed,DUC
Dec-13,--,--,  375 ,,--,--,"  1,237 ",,--,--,  570 ,,--,--,  992 ,,--,--,  130 ,,--,--,  458 ,,--,--,  659 ,,--,--,"  4,421 "
Jan-14,  222 ,  215 ,  382 ,,  140 ,  108 ,"  1,269 ",,  178 ,  143 ,  605 ,,  333 ,  334 ,  991 ,,  29 ,  35 ,  124 ,,  163 ,  144 ,  477 ,,  581 ,  590 ,  650 ,,"  1,646 ","  1,569 ","  4,498 "
Feb-14,  195 ,  197 ,  380 ,,  165 ,  128 ,"  1,306 ",,  210 ,  158 ,  657 ,,  379 ,  316 ,"  1,054 ",,  48 ,  36 ,  136 ,,  172 ,  126 ,  523 ,,  583 ,  519 ,  714 ,,"  1,752 ","  1,480 ","  4,770 "
Mar-14,  202 ,  238 ,  344 ,,  121 ,  178 ,"  1,249 ",,  224 ,  218 ,  663 ,,  338 ,  384 ,"  1,008 ",,  43 ,  46 ,  133 ,,  169 ,  186 ,  506 ,,  609 ,  624 ,  699 ,,"  1,706 ","  1,874 ","  4,602 "
Apr-14,  229 ,  235 ,  338 ,,  197 ,  169 ,"  1,277 ",,  217 ,  207 ,  673 ,,  401 ,  335 ,"  1,074 ",,  44 ,  54 ,  123 ,,  194 ,  194 ,  506 ,,  657 ,  632 ,  724 ,,"  1,939 ","  1,826 ","  4,715 "
May-14,  208 ,  232 ,  314 ,,  186 ,  207 ,"  1,256 ",,  226 ,  208 ,  691 ,,  365 ,  347 ,"  1,092 ",,  33 ,  39 ,  117 ,,  206 ,  175 ,  537 ,,  653 ,  628 ,  749 ,,"  1,877 ","  1,836 ","  4,756 "
Jun-14,  225 ,  213 ,  326 ,,  189 ,  201 ,"  1,244 ",,  236 ,  225 ,  702 ,,  365 ,  351 ,"  1,106 ",,  35 ,  39 ,  113 ,,  193 ,  186 ,  544 ,,  668 ,  616 ,  801 ,,"  1,911 ","  1,831 ","  4,836 "
Jul-14,  223 ,  214 ,  335 ,,  167 ,  172 ,"  1,239 ",,  250 ,  243 ,  709 ,,  368 ,  332 ,"  1,142 ",,  35 ,  50 ,  98 ,,  203 ,  186 ,  561 ,,  613 ,  601 ,  813 ,,"  1,859 ","  1,798 ","  4,897 "
Aug-14,  228 ,  239 ,  324 ,,  183 ,  192 ,"  1,230 ",,  226 ,  207 ,  728 ,,  360 ,  365 ,"  1,137 ",,  35 ,  33 ,  100 ,,  206 ,  184 ,  583 ,,  657 ,  580 ,  890 ,,"  1,895 ","  1,800 ","  4,992 "
Sep-14,  240 ,  238 ,  326 ,,  192 ,  217 ,"  1,205 ",,  256 ,  232 ,  752 ,,  389 ,  337 ,"  1,189 ",,  35 ,  37 ,  98 ,,  212 ,  208 ,  587 ,,  676 ,  600 ,  966 ,,"  2,000 ","  1,869 ","  5,123 "
Oct-14,  255 ,  232 ,  349 ,,  181 ,  193 ,"  1,193 ",,  187 ,  243 ,  696 ,,  382 ,  416 ,"  1,155 ",,  55 ,  32 ,  121 ,,  194 ,  179 ,  602 ,,  692 ,  669 ,  989 ,,"  1,946 ","  1,964 ","  5,105 "
Nov-14,  225 ,  195 ,  379 ,,  139 ,  174 ,"  1,158 ",,  211 ,  202 ,  705 ,,  294 ,  401 ,"  1,048 ",,  37 ,  36 ,  122 ,,  161 ,  166 ,  597 ,,  570 ,  575 ,  984 ,,"  1,637 ","  1,749 ","  4,993 "
Dec-14,  252 ,  223 ,  408 ,,  179 ,  179 ,"  1,158 ",,  226 ,  194 ,  737 ,,  331 ,  386 ,  993 ,,  49 ,  38 ,  133 ,,  209 ,  189 ,  617 ,,  634 ,  577 ,"  1,041 ",,"  1,880 ","  1,786 ","  5,087 "
Jan-15,  223 ,  195 ,  436 ,,  195 ,  173 ,"  1,180 ",,  199 ,  193 ,  743 ,,  400 ,  352 ,"  1,041 ",,  35 ,  48 ,  120 ,,  190 ,  164 ,  643 ,,  575 ,  476 ,"  1,140 ",,"  1,817 ","  1,601 ","  5,303 "
Feb-15,  210 ,  151 ,  495 ,,  181 ,  115 ,"  1,246 ",,  232 ,  151 ,  824 ,,  474 ,  261 ,"  1,254 ",,  45 ,  39 ,  126 ,,  199 ,  114 ,  728 ,,  502 ,  398 ,"  1,244 ",,"  1,843 ","  1,229 ","  5,917 "
Mar-15,  169 ,  147 ,  517 ,,  177 ,  146 ,"  1,277 ",,  184 ,  170 ,  838 ,,  349 ,  284 ,"  1,319 ",,  45 ,  35 ,  136 ,,  155 ,  168 ,  715 ,,  394 ,  442 ,"  1,196 ",,"  1,473 ","  1,392 ","  5,998 "
Apr-15,  134 ,  114 ,  537 ,,  160 ,  167 ,"  1,270 ",,  144 ,  127 ,  855 ,,  255 ,  236 ,"  1,338 ",,  26 ,  34 ,  128 ,,  138 ,  143 ,  710 ,,  339 ,  323 ,"  1,212 ",,"  1,196 ","  1,144 ","  6,050 "
May-15,  118 ,  95 ,  560 ,,  145 ,  166 ,"  1,249 ",,  126 ,  139 ,  842 ,,  234 ,  174 ,"  1,398 ",,  28 ,  28 ,  128 ,,  134 ,  118 ,  726 ,,  274 ,  341 ,"  1,145 ",,"  1,059 ","  1,061 ","  6,048 "
Jun-15,  112 ,  94 ,  578 ,,  127 ,  138 ,"  1,238 ",,  111 ,  135 ,  818 ,,  211 ,  183 ,"  1,426 ",,  23 ,  15 ,  136 ,,  136 ,  128 ,  734 ,,  307 ,  359 ,"  1,093 ",,"  1,027 ","  1,052 ","  6,023 "
Jul-15,  125 ,  109 ,  594 ,,  144 ,  136 ,"  1,246 ",,  103 ,  124 ,  797 ,,  213 ,  213 ,"  1,426 ",,  29 ,  20 ,  145 ,,  127 ,  74 ,  787 ,,  299 ,  365 ,"  1,027 ",,"  1,040 ","  1,041 ","  6,022 "
Aug-15,  119 ,  124 ,  589 ,,  115 ,  135 ,"  1,226 ",,  112 ,  101 ,  808 ,,  200 ,  246 ,"  1,380 ",,  32 ,  23 ,  154 ,,  145 ,  116 ,  816 ,,  336 ,  322 ,"  1,041 ",,"  1,059 ","  1,067 ","  6,014 "
Sep-15,  125 ,  116 ,  598 ,,  109 ,  141 ,"  1,194 ",,  100 ,  92 ,  816 ,,  194 ,  228 ,"  1,346 ",,  29 ,  22 ,  161 ,,  126 ,  99 ,  843 ,,  323 ,  288 ,"  1,076 ",,"  1,006 ",  986 ,"  6,034 "
Oct-15,  114 ,  131 ,  581 ,,  106 ,  120 ,"  1,180 ",,  119 ,  84 ,  851 ,,  189 ,  162 ,"  1,373 ",,  29 ,  31 ,  159 ,,  129 ,  140 ,  832 ,,  309 ,  264 ,"  1,121 ",,  995 ,  932 ,"  6,097 "
Nov-15,  98 ,  108 ,  571 ,,  109 ,  99 ,"  1,190 ",,  101 ,  89 ,  863 ,,  162 ,  153 ,"  1,382 ",,  26 ,  24 ,  161 ,,  121 ,  98 ,  855 ,,  276 ,  230 ,"  1,167 ",,  893 ,  801 ,"  6,189 "
Dec-15,  97 ,  69 ,  599 ,,  94 ,  105 ,"  1,179 ",,  99 ,  78 ,  884 ,,  150 ,  156 ,"  1,376 ",,  27 ,  27 ,  161 ,,  101 ,  83 ,  873 ,,  260 ,  235 ,"  1,192 ",,  828 ,  753 ,"  6,264 "
Jan-16,  82 ,  63 ,  618 ,,  90 ,  79 ,"  1,190 ",,  71 ,  80 ,  875 ,,  154 ,  143 ,"  1,387 ",,  29 ,  17 ,  173 ,,  88 ,  82 ,  879 ,,  240 ,  237 ,"  1,195 ",,  754 ,  701 ,"  6,317 "
Feb-16,  98 ,  91 ,  625 ,,  75 ,  84 ,"  1,181 ",,  62 ,  41 ,  896 ,,  113 ,  128 ,"  1,372 ",,  12 ,  18 ,  167 ,,  79 ,  82 ,  876 ,,  192 ,  220 ,"  1,167 ",,  631 ,  664 ,"  6,284 "
Mar-16,  81 ,  80 ,  626 ,,  72 ,  76 ,"  1,177 ",,  68 ,  45 ,  919 ,,  88 ,  113 ,"  1,347 ",,  8 ,  14 ,  161 ,,  61 ,  58 ,  879 ,,  215 ,  213 ,"  1,169 ",,  593 ,  599 ,"  6,278 "
Apr-16,  64 ,  69 ,  621 ,,  54 ,  71 ,"  1,160 ",,  44 ,  39 ,  924 ,,  66 ,  119 ,"  1,294 ",,  15 ,  25 ,  151 ,,  42 ,  75 ,  846 ,,  183 ,  215 ,"  1,137 ",,  468 ,  613 ,"  6,133 "
May-16,  77 ,  57 ,  641 ,,  58 ,  79 ,"  1,139 ",,  47 ,  59 ,  912 ,,  60 ,  140 ,"  1,214 ",,  13 ,  13 ,  151 ,,  63 ,  92 ,  817 ,,  172 ,  192 ,"  1,117 ",,  490 ,  632 ,"  5,991 "
Jun-16,  61 ,  64 ,  638 ,,  50 ,  65 ,"  1,124 ",,  43 ,  54 ,  901 ,,  62 ,  103 ,"  1,173 ",,  17 ,  27 ,  141 ,,  58 ,  81 ,  794 ,,  192 ,  223 ,"  1,086 ",,  483 ,  617 ,"  5,857 "
Jul-16,  74 ,  90 ,  622 ,,  43 ,  84 ,"  1,083 ",,  46 ,  56 ,  891 ,,  62 ,  101 ,"  1,134 ",,  18 ,  19 ,  140 ,,  67 ,  91 ,  770 ,,  193 ,  190 ,"  1,089 ",,  503 ,  631 ,"  5,729 "
Aug-16,  75 ,  75 ,  622 ,,  50 ,  77 ,"  1,056 ",,  53 ,  82 ,  862 ,,  99 ,  123 ,"  1,110 ",,  16 ,  27 ,  129 ,,  73 ,  114 ,  729 ,,  239 ,  254 ,"  1,074 ",,  605 ,  752 ,"  5,582 "
Sep-16,  73 ,  97 ,  598 ,,  42 ,  72 ,"  1,026 ",,  49 ,  66 ,  845 ,,  87 ,  119 ,"  1,078 ",,  18 ,  15 ,  132 ,,  67 ,  97 ,  699 ,,  251 ,  237 ,"  1,088 ",,  587 ,  703 ,"  5,466 "
Oct-16,  98 ,  131 ,  565 ,,  48 ,  97 ,  977 ,,  60 ,  85 ,  820 ,,  80 ,  133 ,"  1,025 ",,  18 ,  27 ,  123 ,,  78 ,  73 ,  704 ,,  273 ,  231 ,"  1,130 ",,  655 ,  777 ,"  5,344 "
Nov-16,  91 ,  115 ,  541 ,,  57 ,  85 ,  949 ,,  62 ,  86 ,  796 ,,  89 ,  124 ,  990 ,,  25 ,  23 ,  125 ,,  70 ,  79 ,  695 ,,  302 ,  269 ,"  1,163 ",,  696 ,  781 ,"  5,259 "
Dec-16,  88 ,  77 ,  552 ,,  52 ,  82 ,  919 ,,  53 ,  49 ,  800 ,,  106 ,  93 ,"  1,003 ",,  21 ,  31 ,  115 ,,  81 ,  80 ,  696 ,,  291 ,  250 ,"  1,204 ",,  692 ,  662 ,"  5,289 "
Jan-17,  127 ,  73 ,  606 ,,  68 ,  78 ,  909 ,,  63 ,  52 ,  811 ,,  125 ,  132 ,  996 ,,  28 ,  24 ,  119 ,,  121 ,  109 ,  708 ,,  352 ,  259 ,"  1,297 ",,  884 ,  727 ,"  5,446 "
Feb-17,  81 ,  93 ,  594 ,,  69 ,  80 ,  898 ,,  51 ,  58 ,  804 ,,  141 ,  134 ,"  1,003 ",,  30 ,  22 ,  127 ,,  105 ,  105 ,  708 ,,  299 ,  267 ,"  1,329 ",,  776 ,  759 ,"  5,463 "
Mar-17,  142 ,  104 ,  632 ,,  73 ,  97 ,  874 ,,  79 ,  71 ,  812 ,,  149 ,  150 ,"  1,002 ",,  38 ,  29 ,  136 ,,  138 ,  121 ,  725 ,,  392 ,  319 ,"  1,402 ",,"  1,011 ",  891 ,"  5,583 "
Apr-17,  128 ,  85 ,  675 ,,  80 ,  106 ,  848 ,,  79 ,  104 ,  787 ,,  159 ,  155 ,"  1,006 ",,  30 ,  37 ,  129 ,,  152 ,  113 ,  764 ,,  400 ,  347 ,"  1,455 ",,"  1,028 ",  947 ,"  5,664 "
May-17,  127 ,  116 ,  686 ,,  87 ,  101 ,  834 ,,  95 ,  82 ,  800 ,,  178 ,  166 ,"  1,018 ",,  49 ,  33 ,  145 ,,  141 ,  139 ,  766 ,,  426 ,  341 ,"  1,540 ",,"  1,103 ",  978 ,"  5,789 "
Jun-17,  137 ,  109 ,  714 ,,  79 ,  117 ,  796 ,,  77 ,  105 ,  772 ,,  124 ,  162 ,  980 ,,  39 ,  38 ,  146 ,,  146 ,  159 ,  753 ,,  382 ,  314 ,"  1,608 ",,  984 ,"  1,004 ","  5,769 "
Jul-17,  145 ,  109 ,  750 ,,  121 ,  108 ,  809 ,,  96 ,  103 ,  765 ,,  183 ,  167 ,  996 ,,  35 ,  43 ,  138 ,,  161 ,  147 ,  767 ,,  414 ,  313 ,"  1,709 ",,"  1,155 ",  990 ,"  5,934 "
Aug-17,  144 ,  122 ,  772 ,,  120 ,  120 ,  809 ,,  100 ,  110 ,  755 ,,  169 ,  146 ,"  1,019 ",,  42 ,  45 ,  135 ,,  155 ,  195 ,  727 ,,  497 ,  375 ,"  1,831 ",,"  1,227 ","  1,113 ","  6,048 "
Sep-17,  154 ,  140 ,  786 ,,  111 ,  116 ,  804 ,,  99 ,  97 ,  757 ,,  173 ,  167 ,"  1,025 ",,  38 ,  37 ,  136 ,,  138 ,  160 ,  705 ,,  460 ,  383 ,"  1,908 ",,"  1,173 ","  1,100 ","  6,121 "
Oct-17,  165 ,  136 ,  815 ,,  127 ,  132 ,  799 ,,  105 ,  110 ,  752 ,,  173 ,  177 ,"  1,021 ",,  38 ,  41 ,  133 ,,  158 ,  137 ,  726 ,,  490 ,  431 ,"  1,967 ",,"  1,256 ","  1,164 ","  6,213 "
Nov-17,  133 ,  168 ,  780 ,,  82 ,  99 ,  782 ,,  94 ,  86 ,  760 ,,  131 ,  159 ,  993 ,,  38 ,  43 ,  128 ,,  136 ,  137 ,  725 ,,  425 ,  449 ,"  1,943 ",,"  1,039 ","  1,141 ","  6,111 "
Dec-17,  112 ,  126 ,  766 ,,  99 ,  94 ,  787 ,,  78 ,  65 ,  773 ,,  155 ,  149 ,  999 ,,  39 ,  35 ,  132 ,,  136 ,  145 ,  716 ,,  473 ,  382 ,"  2,034 ",,"  1,092 ",  996 ,"  6,207 "
Jan-18,  143 ,  125 ,  784 ,,  131 ,  102 ,  816 ,,  107 ,  72 ,  808 ,,  175 ,  154 ,"  1,020 ",,  50 ,  36 ,  146 ,,  166 ,  126 ,  756 ,,  487 ,  403 ,"  2,118 ",,"  1,259 ","  1,018 ","  6,448 "
Feb-18,  135 ,  101 ,  818 ,,  106 ,  96 ,  826 ,,  74 ,  74 ,  808 ,,  148 ,  173 ,  995 ,,  50 ,  42 ,  154 ,,  137 ,  143 ,  750 ,,  505 ,  459 ,"  2,164 ",,"  1,155 ","  1,088 ","  6,515 "
Mar-18,  139 ,  144 ,  813 ,,  106 ,  142 ,  790 ,,  96 ,  90 ,  814 ,,  169 ,  188 ,  976 ,,  47 ,  39 ,  162 ,,  119 ,  208 ,  661 ,,  501 ,  516 ,"  2,149 ",,"  1,177 ","  1,327 ","  6,365 "
Apr-18,  154 ,  144 ,  823 ,,  138 ,  140 ,  788 ,,  110 ,  110 ,  814 ,,  208 ,  181 ,"  1,003 ",,  42 ,  49 ,  155 ,,  126 ,  185 ,  602 ,,  524 ,  477 ,"  2,196 ",,"  1,302 ","  1,286 ","  6,381 "
May-18,  171 ,  161 ,  833 ,,  129 ,  164 ,  753 ,,  126 ,  131 ,  809 ,,  195 ,  204 ,  994 ,,  57 ,  38 ,  174 ,,  145 ,  183 ,  564 ,,  556 ,  491 ,"  2,261 ",,"  1,379 ","  1,372 ","  6,388 "
Jun-18,  158 ,  148 ,  843 ,,  115 ,  142 ,  726 ,,  109 ,  118 ,  800 ,,  215 ,  166 ,"  1,043 ",,  46 ,  46 ,  174 ,,  161 ,  177 ,  548 ,,  553 ,  496 ,"  2,318 ",,"  1,357 ","  1,293 ","  6,452 "
Jul-18,  211 ,  156 ,  898 ,,  115 ,  139 ,  702 ,,  135 ,  155 ,  780 ,,  220 ,  183 ,"  1,080 ",,  45 ,  38 ,  181 ,,  174 ,  185 ,  537 ,,  558 ,  470 ,"  2,406 ",,"  1,458 ","  1,326 ","  6,584 "
Aug-18,  170 ,  148 ,  920 ,,  98 ,  130 ,  670 ,,  109 ,  138 ,  751 ,,  181 ,  210 ,"  1,051 ",,  48 ,  41 ,  188 ,,  171 ,  176 ,  532 ,,  568 ,  512 ,"  2,462 ",,"  1,345 ","  1,355 ","  6,574 "
Sep-18,  195 ,  154 ,  961 ,,  104 ,  120 ,  654 ,,  109 ,  122 ,  738 ,,  183 ,  182 ,"  1,052 ",,  53 ,  47 ,  194 ,,  168 ,  156 ,  544 ,,  589 ,  489 ,"  2,562 ",,"  1,401 ","  1,270 ","  6,705 "
Oct-18,  192 ,  152 ,"  1,001 ",,  123 ,  121 ,  656 ,,  121 ,  118 ,  741 ,,  229 ,  202 ,"  1,079 ",,  36 ,  36 ,  194 ,,  198 ,  177 ,  565 ,,  599 ,  443 ,"  2,718 ",,"  1,498 ","  1,249 ","  6,954 "
Nov-18,  189 ,  133 ,"  1,057 ",,  106 ,  85 ,  677 ,,  111 ,  99 ,  753 ,,  220 ,  189 ,"  1,110 ",,  51 ,  44 ,  201 ,,  159 ,  142 ,  582 ,,  567 ,  463 ,"  2,822 ",,"  1,403 ","  1,155 ","  7,202 "
Dec-18,  172 ,  115 ,"  1,114 ",,  109 ,  80 ,  706 ,,  109 ,  70 ,  792 ,,  197 ,  145 ,"  1,162 ",,  45 ,  39 ,  207 ,,  175 ,  135 ,  622 ,,  537 ,  416 ,"  2,943 ",,"  1,344 ","  1,000 ","  7,546 "
Jan-19,  166 ,  122 ,"  1,158 ",,  120 ,  102 ,  724 ,,  121 ,  71 ,  842 ,,  224 ,  174 ,"  1,212 ",,  50 ,  39 ,  218 ,,  198 ,  128 ,  692 ,,  585 ,  476 ,"  3,052 ",,"  1,464 ","  1,112 ","  7,898 "
Feb-19,  144 ,  121 ,"  1,181 ",,  115 ,  110 ,  729 ,,  109 ,  56 ,  895 ,,  220 ,  166 ,"  1,266 ",,  39 ,  38 ,  219 ,,  151 ,  145 ,  698 ,,  550 ,  458 ,"  3,144 ",,"  1,328 ","  1,094 ","  8,132 "
Mar-19,  127 ,  159 ,"  1,149 ",,  137 ,  114 ,  752 ,,  112 ,  110 ,  897 ,,  203 ,  208 ,"  1,261 ",,  55 ,  44 ,  230 ,,  180 ,  167 ,  711 ,,  578 ,  500 ,"  3,222 ",,"  1,392 ","  1,302 ","  8,222 "
Apr-19,  137 ,  151 ,"  1,135 ",,  125 ,  129 ,  748 ,,  119 ,  112 ,  904 ,,  210 ,  184 ,"  1,287 ",,  48 ,  42 ,  236 ,,  154 ,  166 ,  699 ,,  575 ,  449 ,"  3,348 ",,"  1,368 ","  1,233 ","  8,357 "
May-19,  133 ,  111 ,"  1,157 ",,  142 ,  122 ,  768 ,,  128 ,  127 ,  905 ,,  192 ,  186 ,"  1,293 ",,  48 ,  32 ,  252 ,,  168 ,  193 ,  674 ,,  560 ,  502 ,"  3,406 ",,"  1,371 ","  1,273 ","  8,455 "
Jun-19,  132 ,  129 ,"  1,160 ",,  121 ,  152 ,  737 ,,  119 ,  144 ,  880 ,,  206 ,  186 ,"  1,313 ",,  54 ,  36 ,  270 ,,  151 ,  163 ,  662 ,,  546 ,  489 ,"  3,463 ",,"  1,329 ","  1,299 ","  8,485 "
Jul-19,  130 ,  136 ,"  1,154 ",,  105 ,  112 ,  730 ,,  117 ,  124 ,  873 ,,  178 ,  193 ,"  1,298 ",,  53 ,  50 ,  273 ,,  185 ,  178 ,  669 ,,  546 ,  515 ,"  3,494 ",,"  1,314 ","  1,308 ","  8,491 "
Aug-19,  110 ,  133 ,"  1,131 ",,  100 ,  135 ,  695 ,,  115 ,  145 ,  843 ,,  181 ,  211 ,"  1,268 ",,  42 ,  37 ,  278 ,,  148 ,  193 ,  624 ,,  512 ,  535 ,"  3,471 ",,"  1,208 ","  1,389 ","  8,310 "
Sep-19,  100 ,  141 ,"  1,090 ",,  118 ,  104 ,  709 ,,  111 ,  99 ,  855 ,,  167 ,  206 ,"  1,229 ",,  50 ,  43 ,  285 ,,  145 ,  184 ,  585 ,,  501 ,  531 ,"  3,441 ",,"  1,192 ","  1,308 ","  8,194 "
Oct-19,  84 ,  141 ,"  1,033 ",,  82 ,  110 ,  681 ,,  117 ,  113 ,  859 ,,  163 ,  183 ,"  1,209 ",,  54 ,  48 ,  291 ,,  156 ,  170 ,  571 ,,  469 ,  542 ,"  3,368 ",,"  1,125 ","  1,307 ","  8,012 "
Nov-19,  66 ,  119 ,  980 ,,  85 ,  101 ,  665 ,,  97 ,  95 ,  861 ,,  138 ,  185 ,"  1,162 ",,  39 ,  41 ,  289 ,,  129 ,  182 ,  518 ,,  466 ,  485 ,"  3,349 ",,"  1,020 ","  1,208 ","  7,824 "
Dec-19,  61 ,  112 ,  929 ,,  91 ,  93 ,  663 ,,  95 ,  86 ,  870 ,,  167 ,  168 ,"  1,161 ",,  46 ,  38 ,  297 ,,  132 ,  152 ,  498 ,,  449 ,  453 ,"  3,345 ",,"  1,041 ","  1,102 ","  7,763 "
Jan-20,  65 ,  110 ,  884 ,,  88 ,  97 ,  654 ,,  100 ,  94 ,  876 ,,  210 ,  181 ,"  1,190 ",,  42 ,  30 ,  309 ,,  133 ,  148 ,  483 ,,  449 ,  438 ,"  3,356 ",,"  1,087 ","  1,098 ","  7,752 "
Feb-20,  55 ,  110 ,  829 ,,  79 ,  103 ,  630 ,,  95 ,  96 ,  875 ,,  192 ,  186 ,"  1,196 ",,  34 ,  48 ,  295 ,,  137 ,  145 ,  475 ,,  465 ,  443 ,"  3,378 ",,"  1,057 ","  1,131 ","  7,678 "
Mar-20,  58 ,  105 ,  782 ,,  92 ,  100 ,  622 ,,  95 ,  104 ,  866 ,,  206 ,  173 ,"  1,229 ",,  40 ,  38 ,  297 ,,  144 ,  141 ,  478 ,,  462 ,  442 ,"  3,398 ",,"  1,097 ","  1,103 ","  7,672 "
Apr-20,  30 ,  58 ,  754 ,,  89 ,  87 ,  624 ,,  69 ,  55 ,  880 ,,  121 ,  105 ,"  1,245 ",,  35 ,  31 ,  301 ,,  76 ,  81 ,  473 ,,  332 ,  309 ,"  3,421 ",,  752 ,  726 ,"  7,698 "
May-20,  13 ,  29 ,  738 ,,  65 ,  82 ,  607 ,,  33 ,  30 ,  883 ,,  42 ,  68 ,"  1,219 ",,  36 ,  28 ,  309 ,,  37 ,  40 ,  470 ,,  200 ,  155 ,"  3,466 ",,  426 ,  432 ,"  7,692 "
Jun-20,  10 ,  17 ,  731 ,,  65 ,  70 ,  602 ,,  18 ,  13 ,  888 ,,  22 ,  41 ,"  1,200 ",,  30 ,  28 ,  311 ,,  29 ,  21 ,  478 ,,  149 ,  101 ,"  3,514 ",,  323 ,  291 ,"  7,724 "
Jul-20,  9 ,  15 ,  725 ,,  62 ,  63 ,  601 ,,  18 ,  25 ,  881 ,,  17 ,  30 ,"  1,187 ",,  28 ,  26 ,  313 ,,  20 ,  17 ,  481 ,,  138 ,  98 ,"  3,554 ",,  292 ,  274 ,"  7,742 "
Aug-20,  10 ,  35 ,  700 ,,  61 ,  71 ,  591 ,,  19 ,  33 ,  867 ,,  15 ,  25 ,"  1,177 ",,  34 ,  30 ,  317 ,,  20 ,  20 ,  481 ,,  133 ,  155 ,"  3,532 ",,  292 ,  369 ,"  7,665 "